488 63
0 3 68
0 62 79
10 62 61
10 43 58
3 15 9
3 28 92
28 56 80
17 56 40
4 56 79
57 62 62
0 14 96
6 14 87
0 61 82
17 27 98
33 56 85
14 34 26
44 61 67
12 17 65
12 53 52
4 37 20
26 57 25
40 53 91
6 51 74
1 15 98
27 42 77
13 37 79
1 39 74
20 51 43
13 59 46
27 45 50
35 37 95
29 61 9
0 23 51
4 54 80
23 41 42
9 37 11
33 46 88
10 11 84
7 15 56
6 21 97
49 62 94
28 31 2
19 46 87
47 54 50
29 50 82
53 60 21
52 53 25
5 29 15
2 28 50
25 57 22
24 46 65
20 30 27
36 59 31
22 57 69
18 52 64
36 38 24
46 58 4
16 36 18
53 55 55
21 48 93
32 49 29
8 21 80
14 19 95
17 43 86
3 48 20
25 56 17
22 50 97
22 24 14
28 37 29
0 44 88
42 53 17
56 57 52
9 20 34
32 57 39
7 52 73
29 37 2
6 34 40
40 47 47
1 23 41
25 61 10
35 62 76
33 47 7
2 30 16
28 42 24
44 54 30
34 42 73
26 41 82
3 8 29
10 54 6
13 27 44
20 31 16
18 41 71
10 22 90
8 19 19
9 30 85
33 60 98
15 52 75
26 34 43
43 50 97
5 49 97
32 37 33
20 29 42
9 57 50
41 47 1
23 47 87
12 34 61
32 58 15
20 21 55
6 47 20
8 27 79
23 34 15
30 44 94
22 29 69
25 32 14
9 48 54
1 24 3
50 54 8
52 55 79
2 25 35
11 23 3
17 55 92
40 59 9
6 48 34
12 48 38
27 53 83
5 24 78
29 52 38
2 17 4
56 58 54
24 39 96
23 53 94
27 30 57
0 37 60
9 35 10
26 61 47
31 40 53
6 15 61
47 56 18
37 55 64
35 52 9
23 50 24
26 36 45
28 60 5
24 27 54
0 8 97
5 54 31
44 60 58
25 39 60
15 40 29
18 51 20
46 59 47
25 54 17
3 37 64
3 40 59
21 24 49
28 45 86
14 47 59
49 52 45
52 57 16
3 21 14
3 46 82
3 9 89
50 60 98
1 16 58
3 17 35
0 26 83
36 46 78
18 23 46
26 59 59
9 43 19
13 32 5
0 17 52
3 20 27
9 31 78
21 28 70
2 58 10
17 59 85
7 37 73
24 58 93
22 46 33
43 45 92
6 59 32
17 34 17
2 5 33
1 3 90
21 35 23
3 55 60
23 62 1
27 29 72
46 53 98
18 56 10
24 36 72
44 58 39
6 49 1
6 32 52
0 58 5
8 60 85
34 56 90
36 60 76
17 19 34
19 32 73
53 56 57
27 49 98
11 16 87
0 12 72
54 61 71
54 55 52
36 40 29
42 60 75
25 37 83
27 43 15
11 19 4
48 60 13
40 48 29
6 20 16
24 37 31
21 41 41
28 40 49
5 9 20
10 51 38
34 58 71
19 59 57
15 43 28
6 53 85
33 53 63
11 60 69
10 32 76
2 46 27
16 19 13
46 60 64
16 62 14
30 35 73
21 58 66
22 28 92
45 49 28
38 44 83
31 46 50
21 40 92
39 55 5
34 43 31
8 26 99
13 36 18
2 24 76
8 52 75
39 61 94
13 34 15
11 30 51
15 55 73
10 14 12
4 17 75
44 53 20
54 58 56
25 55 94
17 60 21
17 32 37
20 61 20
16 45 35
12 21 67
27 54 12
58 61 75
7 23 2
20 55 1
11 52 27
6 28 42
38 60 27
1 14 17
9 22 89
35 53 67
14 51 60
17 61 55
51 58 15
31 36 93
40 45 88
21 34 14
22 35 36
13 46 86
10 35 44
25 50 56
4 42 70
8 22 53
1 35 53
9 52 63
1 34 35
30 31 50
48 62 13
39 40 47
42 48 32
14 33 19
24 31 75
12 32 66
4 59 43
34 60 78
39 56 81
14 22 16
5 36 69
15 30 45
3 34 35
21 54 56
13 40 12
19 24 90
23 30 27
14 37 71
18 20 29
47 57 51
12 26 68
5 23 18
21 47 33
21 51 67
42 45 72
48 53 94
20 49 20
13 47 72
28 34 63
45 57 10
10 13 2
0 30 73
19 62 18
12 36 43
16 49 55
57 58 2
2 22 51
49 60 86
40 60 16
14 36 33
47 59 84
6 33 78
8 62 55
20 28 31
21 59 74
42 59 75
24 53 17
25 30 46
56 60 34
16 57 68
29 41 41
42 55 47
49 51 73
42 61 29
24 40 1
26 53 50
25 36 79
19 29 50
9 29 88
58 59 31
52 62 73
22 53 42
15 61 61
33 43 80
6 30 80
18 25 17
33 34 24
33 35 86
41 46 72
34 37 49
2 49 70
20 41 54
17 50 8
18 27 22
33 44 49
48 49 44
10 28 20
36 45 54
4 31 59
50 55 29
0 31 14
19 58 95
38 54 6
10 15 83
31 35 28
7 36 42
23 46 33
40 50 14
27 40 8
4 52 75
43 56 46
0 40 14
8 34 10
23 25 69
8 47 70
21 49 61
28 53 44
35 39 34
2 40 22
19 44 29
10 58 82
9 54 11
11 38 12
17 51 99
0 24 36
44 56 90
19 23 70
19 34 20
38 41 50
28 29 77
37 52 75
20 36 6
2 16 22
8 30 52
7 27 36
37 45 33
23 29 28
19 48 63
18 55 43
14 31 60
4 9 79
18 19 19
40 41 2
48 58 74
38 46 73
3 47 94
18 50 57
17 28 91
22 32 21
40 57 54
4 24 26
11 37 58
3 12 74
8 33 32
6 41 75
32 59 67
1 47 69
21 55 7
2 51 41
5 42 24
14 46 18
19 25 54
4 34 8
45 55 97
22 49 96
8 15 97
2 44 48
6 9 33
53 62 6
11 36 29
7 24 70
4 51 59
9 41 36
54 62 70
22 36 19
7 28 38
40 54 43
15 20 81
3 16 25
35 54 91
27 57 8
31 53 61
5 27 35
34 51 18
0 59 3
37 53 38
38 53 85
53 59 23
33 50 68
28 43 95
26 28 97
8 41 99
34 39 68
27 46 39
30 51 54
12 47 50
22 52 85
31 51 26
11 42 88
13 62 64
8 9 96
27 41 95
4 58 36
23 43 1
10 42 67
12 19 46
21 56 47
35 56 16
42 57 11
2 8 61
41 58 72
38 42 4
0 52 5
2 35 15
12 44 92
21 62 75
25 27 63
3 50 43
19 27 67
14 55 24
34 48 11
16 61 88
7 17 29
1 49 54
